x <- 9
2 * x